List of prime numbers from 1 to 21718132 via a "Sieve of Eratosthenes" algorithm:
  [2, 3, 5, 7, 11, 13, 17, 19, 23, 29, 31, 37, 41, 43, 47, 53, 59, 61, 67, 71, 73, 79, 83, 89, 97, 101, 103, 107, 109, 113, 127, 131, 137, 139, 149, 151, 157, 163, 167, 173, 

. . .

17767, 21717791, 21717797, 21717799, 21717803, 21717827, 21717907, 21717919, 21717937, 21717953, 21717961, 21717973, 21717979, 21717989, 21718033, 21718043, 21718051, 21718087]
  Count of primes: 1372516
Time in seive: 0.279375s
Processing time: 0.947227s



List of prime numbers from 1 to 21717988 via a "Sieve of Eratosthenes" algorithm:
  [2, 3, 5, 7, 11, 13, 17, 19, 23, 29, 31, 37, 41, 43, 47, 53, 59, 61, 67, 71, 73, 79, 83, 89, 97, 101, 103, 107, 109, 113, 127, 131, 137, 139, 149, 151, 157, 163, 167, 173, 

. . .

17667, 21717679, 21717737, 21717739, 21717749, 21717767, 21717791, 21717797, 21717799, 21717803, 21717827, 21717907, 21717919, 21717937, 21717953, 21717961, 21717973, 21717979]
  Count of primes: 1372511
Time in seive: 0.313453s
Processing time: 1.135118s

